function map = acc_colormap()
    map = [204 121 167
    213 94 0;
    0 114 178;
    240 228 66;
    0 158 115;
    86 180 233;
    230 159 0;
    0 0 0;]./255;
end